814	432	3
3.966642379760742	-0.7564276456832886	2.3036608695983887	0.9403649568557739	0.763321578502655	1.0	0	0.0	0	0.0	0	-0.00015259710198733956	-0.9999992847442627	-0.0011902573751285672	-1.0	0.00015262950910255313	-2.4758315930739627e-07	4.292513722248259e-07	0.0011902573751285672	-0.9999992847442627
4.1232500076293945	-0.7565336227416992	2.1266746520996094	0.9299788475036621	0.7750665545463562	1.0	0	0.0	0	0.0	0	0.5406842827796936	-0.6430163383483887	-0.5423933863639832	-0.8412490487098694	-0.41286501288414	-0.34905946254730225	0.0005156722036190331	0.6450189352035522	-0.7641664743423462
4.193722724914551	-0.7564276456832886	2.3036608695983887	0.9253051280975342	0.763321578502655	1.0	0	0.0	0	0.0	0	0.7001928687095642	-0.6902742981910706	-0.18234984576702118	-0.713966965675354	-0.6769567131996155	-0.17883174121379852	0.0	0.25540846586227417	-0.966833233833313
2.883671760559082	-0.7564276456832886	2.3036608695983887	0.07479739934206009	0.9762623906135559	1.0	0	0.0	0	0.0	0	-6.103879422880709e-05	-0.9999985694885254	-0.0016785667976364493	-0.9695383310317993	0.00047033754526637495	-0.24493953585624695	0.24493996798992157	0.001612484105862677	-0.9695369601249695
3.1079154014587402	-0.7560239434242249	2.015932559967041	0.06505268067121506	0.9984196424484253	1.0	0	0.0	0	0.0	0	0.04709049314260483	-0.7769473791122437	-0.6278020143508911	-0.9802697896957397	0.08484232425689697	-0.17852982878684998	0.19197246432304382	0.6238223910331726	-0.7576227784156799
3.1079154014587402	-0.7564276456832886	2.3036608695983887	0.060378722846508026	0.9799073338508606	1.0	0	0.0	0	0.0	0	-6.10388015047647e-05	-0.9999986886978149	-0.0016480475896969438	-0.9695385098457336	0.0004628437745850533	-0.2449387013912201	0.24493910372257233	0.0015828947070986032	-0.9695371389389038
3.3225975036621094	-0.7558618187904358	1.9806963205337524	0.15535472333431244	0.997092604637146	1.0	0	0.0	0	0.0	0	-0.11179249733686447	-0.7208067774772644	-0.6840614080429077	-0.9937323331832886	0.08097035437822342	0.07707115262746811	-0.0001647147146286443	0.6883899569511414	-0.7253409028053284
3.5372791290283203	-0.7564276456832886	2.3036608695983887	0.14111721515655518	0.9756603240966797	1.0	0	0.0	0	0.0	0	-6.103877967689186e-05	-0.9999983310699463	-0.0018616827437654138	-1.0	6.1021226429147646e-05	2.729118250499596e-06	-2.6155116756854113e-06	0.0018616828601807356	-0.9999983310699463
3.3225975036621094	-0.7564276456832886	2.3036608695983887	0.15535472333431244	0.9756603837013245	1.0	0	0.0	0	0.0	0	3.051938983844593e-05	-0.9999983310699463	-0.0018311634194105864	-1.0	-3.052535976166837e-05	4.194786470179679e-06	-4.250676283845678e-06	0.0018311633029952645	-0.9999983310699463
3.5372791290283203	-0.7564276456832886	2.3036608695983887	0.18489506840705872	0.9697157144546509	1.0	0	0.0	0	0.0	0	-6.103877967689186e-05	-0.9999983310699463	-0.0018616827437654138	1.686012865320663e-06	-0.001861668424680829	0.9999982714653015	-1.0	6.103552732383832e-05	1.7996439964917954e-06
3.966642379760742	-0.7562556266784668	2.066269874572754	0.1691514402627945	0.9412227869033813	1.0	0	0.0	0	0.0	0	0.22086824476718903	-0.7121680974960327	-0.6663585901260376	0.1969453990459442	-0.636553168296814	0.7456625699996948	-0.9552097916603088	-0.2959294319152832	-0.0003361492126714438
3.966642379760742	-0.7564276456832886	2.3036608695983887	0.18489506840705872	0.9412227869033813	1.0	0	0.0	0	0.0	0	-0.00015259710198733956	-0.9999992847442627	-0.0011902573751285672	-7.105026611498033e-08	-0.0011902296682819724	0.9999993443489075	-1.0	0.00015259708743542433	1.1057538529257727e-07
3.5372791290283203	-0.7621795535087585	5.232456684112549	0.13556009531021118	0.9835687875747681	0.642936097857698	0	0.357063902142302	1	0.0	0	-0.0004272719088476151	-0.9999994039535522	-0.001068179844878614	-0.13867686688899994	-0.000998590374365449	0.9903372526168823	-0.990337610244751	0.0005712750717066228	-0.13867633044719696
4.10831356048584	-0.7626850008964539	5.163456439971924	0.12577657401561737	0.9466755986213684	0.5133917138333982	0	0.48660828616660173	1	0.0	0	0.6846104264259338	-0.7186395525932312	0.12192486971616745	-0.15622113645076752	0.018721744418144226	0.9875446557998657	-0.7119712829589844	-0.6951306462287903	-0.09944958984851837
4.085489273071289	-0.7625327706336975	5.309220314025879	0.1355600655078888	0.9468342065811157	0.6189930136449483	1	0.3810069863550517	0	0.0	0	0.6889392137527466	-0.7196109294891357	0.08673541247844696	-0.13153310120105743	-0.006444951053708792	0.9912908673286438	-0.7127846479415894	-0.6943476796150208	-0.09909281879663467
3.5372791290283203	-0.7618874907493591	4.990164756774902	0.5240470170974731	0.8656885623931885	0.7447124339315573	0	0.25528756606844266	1	0.0	0	-0.00033571329549886286	-0.9999983310699463	-0.0018311634194105864	-1.0	0.00033572022221051157	7.913166655271198e-07	-1.7655671058491862e-07	0.0018311634194105864	-0.9999983310699463
3.966642379760742	-0.7609775066375732	4.54241418838501	0.49557188153266907	0.8954017162322998	0.8278896532126439	0	0.17211034678735615	1	0.0	0	-9.155810403171927e-05	-0.999997615814209	-0.0021973946131765842	-1.0	9.157754539046437e-05	3.6559433169713884e-07	-1.643614524482473e-07	0.0021973946131765842	-0.999997615814209
4.10831356048584	-0.7626850008964539	5.163456439971924	0.48617634177207947	0.8541887402534485	0.5133917138333982	0	0.48660828616660173	1	0.0	0	0.6846104264259338	-0.7186395525932312	0.12192486971616745	-0.7289453744888306	-0.6749036312103271	0.11464590579271317	-0.00010154682240681723	-0.16736437380313873	-0.9858950972557068
3.5372791290283203	-0.7607362866401672	4.4899797439575195	0.786883533000946	0.9475286602973938	0.8744315989378936	0	0.1255684010621064	1	0.0	0	-9.155814041150734e-05	-0.9999979734420776	-0.0020142788998782635	1.0	-9.156455053016543e-05	1.1390922054488328e-06	-1.3235264759714482e-06	-0.0020142788998782635	0.9999979734420776
3.966642379760742	-0.7600675225257874	4.094663619995117	0.8153586983680725	0.9212951064109802	0.9129054362937692	0	0.08709456370623075	1	0.0	0	-3.051938256248832e-05	-0.9999980926513672	-0.0019837599247694016	1.0	-3.05295834550634e-05	1.236493972101016e-06	-1.2970549505553208e-06	-0.0019837599247694016	0.9999980926513672
3.966642379760742	-0.7609775066375732	4.54241418838501	0.8153586387634277	0.9510082602500916	0.8278896532126439	0	0.17211034678735615	1	0.0	0	-9.155810403171927e-05	-0.999997615814209	-0.0021973946131765842	1.0	-9.157183376373723e-05	4.696689188676828e-07	-6.708872319904913e-07	-0.0021973946131765842	0.999997615814209
3.5372791290283203	-0.7591575384140015	3.6469130516052246	0.48617637157440186	0.9323079586029053	0.9769728709192016	0	0.023027129080798427	1	0.0	0	0.0	-0.9999979734420776	-0.0020142788998782635	1.0	0.0	0.0	0.0	-0.0020142788998782635	0.9999979734420776
3.966642379760742	-0.7600675225257874	4.094663619995117	0.5146514773368835	0.9620211124420166	0.9129054362937692	0	0.08709456370623075	1	0.0	0	-3.051938256248832e-05	-0.9999980926513672	-0.0019837599247694016	1.0	-3.0517578125e-05	-6.053966217223206e-08	0.0	-0.0019837599247694016	0.9999980926513672
3.5372791290283203	-0.7600675225257874	4.094663619995117	0.48617634177207947	0.9620211124420166	0.9299271322438093	0	0.07007286775619066	1	0.0	0	0.0	-0.9999983310699463	-0.0018616827437654138	1.0	0.0	0.0	0.0	-0.0018616827437654138	0.9999983310699463
3.5372791290283203	-0.7582476139068604	3.199162483215332	0.38787418603897095	0.9673066735267639	1.0	0	0.0	0	0.0	0	0.0	-0.9999979734420776	-0.0020142788998782635	-1.0	0.0	0.0	0.0	0.0020142788998782635	-0.9999979734420776
3.966642379760742	-0.7591575384140015	3.6469130516052246	0.35939908027648926	0.9375935792922974	0.9603358495583966	0	0.03966415044160347	1	0.0	0	0.0	-0.9999979734420776	-0.0020142788998782635	-1.0	0.0	0.0	0.0	0.0020142788998782635	-0.9999979734420776
3.5372791290283203	-0.7591575384140015	3.6469130516052246	0.38787415623664856	0.9375935792922974	0.9769728709192016	0	0.023027129080798427	1	0.0	0	0.0	-0.9999979734420776	-0.0020142788998782635	-1.0	0.0	0.0	0.0	0.0020142788998782635	-0.9999979734420776
3.5372791290283203	-0.7573376297950745	2.7514119148254395	0.44730180501937866	0.932629406452179	1.0	0	0.0	0	0.0	0	0.0	-0.9999979734420776	-0.0020142788998782635	1.0	-2.1630741642297835e-09	1.0738673381638364e-06	-1.073869498213753e-06	-0.0020142788998782635	0.9999979734420776
3.966642379760742	-0.7582476139068604	3.199162483215332	0.47577691078186035	0.9623425602912903	1.0	0	0.0	0	0.0	0	0.0	-0.9999979734420776	-0.0020142788998782635	1.0	-2.0506156772626127e-09	1.0180367553402903e-06	-1.0180388017033692e-06	-0.0020142788998782635	0.9999979734420776
3.5372791290283203	-0.7582476139068604	3.199162483215332	0.44730183482170105	0.9623425602912903	1.0	0	0.0	0	0.0	0	0.0	-0.9999979734420776	-0.0020142788998782635	1.0	0.0	0.0	0.0	-0.0020142788998782635	0.9999979734420776
3.5372791290283203	-0.7564276456832886	2.3036608695983887	0.7584083676338196	0.9212951064109802	1.0	0	0.0	0	0.0	0	-6.103877967689186e-05	-0.9999983310699463	-0.0018616827437654138	1.0	-6.103515625e-05	-1.1362829610561676e-07	0.0	-0.001861682627350092	0.9999982714653015
3.966642379760742	-0.7573376297950745	2.7514119148254395	0.786883533000946	0.9510083198547363	1.0	0	0.0	0	0.0	0	0.0	-0.9999979734420776	-0.0020142788998782635	1.0	0.0	0.0	0.0	-0.002014279132708907	0.9999980330467224
3.5372791290283203	-0.7573376297950745	2.7514119148254395	0.7584084272384644	0.9510083198547363	1.0	0	0.0	0	0.0	0	0.0	-0.9999979734420776	-0.0020142788998782635	1.0	0.0	0.0	0.0	-0.0020142788998782635	0.9999979734420776
3.342988967895508	-0.7618874907493591	4.990164756774902	0.9114229083061218	0.7628259062767029	0.7597721745063951	0	0.24022782549360489	1	0.0	0	-3.0519397114403546e-05	-0.9999985694885254	-0.0016785667976364493	0.9991928935050964	-9.79240212473087e-05	0.04017012566328049	-0.04017023369669914	-0.0016759861027821898	0.9991914629936218
3.5372791290283203	-0.7621795535087585	5.232456684112549	0.924943208694458	0.778373658657074	0.642936097857698	0	0.357063902142302	1	0.0	0	-0.0004272719088476151	-0.9999994039535522	-0.001068179844878614	0.9991928339004517	-0.0004698154516518116	0.04016996547579765	-0.040170442312955856	-0.0010501539800316095	0.9991922974586487
3.313354015350342	-0.7621381282806396	5.223453998565674	0.91008061170578	0.778373658657074	0.6819973413179484	0	0.3180026586820516	1	0.0	0	-0.0001831165427574888	-0.9999994039535522	-0.001068179844878614	0.9991927742958069	-0.00022587677813135087	0.04017149284482002	-0.04017171263694763	-0.0010599613888189197	0.9991922378540039
3.342988967895508	-0.7618874907493591	4.990164756774902	0.8058207631111145	0.9511701464653015	0.7597721745063951	0	0.24022782549360489	1	0.0	0	-3.0519397114403546e-05	-0.9999985694885254	-0.0016785667976364493	-0.9999212622642517	9.450041943637189e-06	0.012548965401947498	-0.012548931874334812	0.0016788176726549864	-0.9999198317527771
3.5372791290283203	-0.7607362866401672	4.4899797439575195	0.7925204038619995	0.9841985702514648	0.8744315989378936	0	0.1255684010621064	1	0.0	0	-9.155814041150734e-05	-0.9999979734420776	-0.0020142788998782635	-0.9999213218688965	6.627538095926866e-05	0.012544945813715458	-0.012544787488877773	0.0020152691286057234	-0.9999192953109741
3.5372791290283203	-0.7618874907493591	4.990164756774902	0.7929366827011108	0.9510083198547363	0.7447124339315573	0	0.25528756606844266	1	0.0	0	-0.00033571329549886286	-0.9999983310699463	-0.0018311634194105864	-0.9999211430549622	0.0003126832307316363	0.012551819905638695	-0.012551226653158665	0.0018352328334003687	-0.999919593334198
3.3225975036621094	-0.7600675225257874	4.094663619995117	0.814339816570282	0.9710115194320679	0.9337133135067686	0	0.06628668649323138	1	0.0	0	-3.051938983844593e-05	-0.9999983310699463	-0.0018616827437654138	1.0	-3.0513652745867148e-05	-1.791153067642881e-06	1.7343433000860387e-06	-0.0018616827437654138	0.9999983310699463
3.5372791290283203	-0.7607362866401672	4.4899797439575195	0.8285773992538452	0.9972450733184814	0.8744315989378936	0	0.1255684010621064	1	0.0	0	-9.155814041150734e-05	-0.9999979734420776	-0.0020142788998782635	1.0	-9.155296720564365e-05	6.381980028891121e-07	-8.226098771046964e-07	-0.0020142788998782635	0.9999979734420776
3.305119037628174	-0.7607496976852417	4.492892742156982	0.813180685043335	0.9974384307861328	0.8826258503686791	0	0.11737414963132084	1	0.0	0	0.0	-0.9999980926513672	-0.0019837599247694016	1.0	-4.114554030820727e-09	3.1175229651125846e-06	-3.117525238849339e-06	-0.0019837599247694016	0.9999980926513672
3.3225975036621094	-0.7591575384140015	3.6469130516052246	0.5816852450370789	0.9995139241218567	0.980652110743075	0	0.01934788925692504	1	0.0	0	0.0	-0.9999979734420776	-0.0020142788998782635	-1.0	0.0	0.0	0.0	0.0020142788998782635	-0.9999979734420776
3.5372791290283203	-0.7600675225257874	4.094663619995117	0.5674476623535156	0.9698007106781006	0.9299271322438093	0	0.07007286775619066	1	0.0	0	0.0	-0.9999983310699463	-0.0018616827437654138	-1.0	0.0	0.0	0.0	0.0018616827437654138	-0.9999983310699463
3.3225975036621094	-0.7600675225257874	4.094663619995117	0.5816852450370789	0.9698007106781006	0.9337133135067686	0	0.06628668649323138	1	0.0	0	-3.051938983844593e-05	-0.9999983310699463	-0.0018616827437654138	-1.0	3.0517578125e-05	5.681414094738102e-08	3.552816169787119e-15	0.0018616827437654138	-0.9999983310699463
3.3225975036621094	-0.7582476139068604	3.199162483215332	0.9857624769210815	0.9508721232414246	1.0	0	0.0	0	0.0	0	0.0	-0.9999979734420776	-0.0020142788998782635	1.0	0.0	0.0	0.0	-0.0020142788998782635	0.9999979734420776
3.5372791290283203	-0.7591575384140015	3.6469130516052246	1.0	0.9805852770805359	0.9769728709192016	0	0.023027129080798427	1	0.0	0	0.0	-0.9999979734420776	-0.0020142788998782635	1.0	0.0	0.0	0.0	-0.0020142788998782635	0.9999979734420776
3.3225975036621094	-0.7591575384140015	3.6469130516052246	0.9857624769210815	0.9805852770805359	0.980652110743075	0	0.01934788925692504	1	0.0	0	0.0	-0.9999979734420776	-0.0020142788998782635	1.0	0.0	0.0	0.0	-0.0020142788998782635	0.9999979734420776
3.3225975036621094	-0.7573376297950745	2.7514119148254395	0.2793566882610321	0.9698119163513184	1.0	0	0.0	0	0.0	0	0.0	-0.9999979734420776	-0.0020142788998782635	1.0	0.0	0.0	0.0	-0.0020142788998782635	0.9999979734420776
3.5372791290283203	-0.7582476139068604	3.199162483215332	0.29359424114227295	0.9995250701904297	1.0	0	0.0	0	0.0	0	0.0	-0.9999979734420776	-0.0020142788998782635	1.0	0.0	0.0	0.0	-0.0020142788998782635	0.9999979734420776
3.3225975036621094	-0.7582476139068604	3.199162483215332	0.2793566584587097	0.9995250701904297	1.0	0	0.0	0	0.0	0	0.0	-0.9999979734420776	-0.0020142788998782635	1.0	0.0	0.0	0.0	-0.0020142788998782635	0.9999979734420776
3.3225975036621094	-0.7564276456832886	2.3036608695983887	0.9857624769210815	0.9211589097976685	1.0	0	0.0	0	0.0	0	3.051938983844593e-05	-0.9999983310699463	-0.0018311634194105864	1.0	3.0523064197041094e-05	-2.937125600510626e-06	2.993013367813546e-06	-0.0018311634194105864	0.9999983906745911
3.5372791290283203	-0.7573376297950745	2.7514119148254395	1.0	0.9508721232414246	1.0	0	0.0	0	0.0	0	0.0	-0.9999979734420776	-0.0020142788998782635	1.0	2.398638399014885e-09	-1.1908141459571198e-06	1.1908164196938742e-06	-0.0020142788998782635	0.9999979734420776
3.3225975036621094	-0.7573376297950745	2.7514119148254395	0.9857624769210815	0.9508721232414246	1.0	0	0.0	0	0.0	0	0.0	-0.9999979734420776	-0.0020142788998782635	1.0	0.0	0.0	0.0	-0.0020142788998782635	0.9999979734420776
2.8202438354492188	-0.7618874907493591	4.990164756774902	0.9223830699920654	0.9797934293746948	0.7142255422808136	0	0.28577445771918636	1	0.0	0	0.0	-0.9999985694885254	-0.0017090862384065986	0.054372016340494156	-0.0017065245192497969	0.998519241809845	-0.9985207319259644	-9.292646427638829e-05	0.05437194183468819
3.1942992210388184	-0.7620967030525208	5.214450836181641	0.9385843276977539	0.9558168053627014	0.6895712484829314	0	0.31042875151706867	1	0.0	0	-6.1038852436468e-05	-0.9999995231628418	-0.0010071410797536373	0.054371003061532974	-0.0010089727584272623	0.9985203742980957	-0.9985207915306091	6.1892683334008325e-06	0.05437103286385536
2.7705931663513184	-0.7622028589248657	5.237523555755615	0.9385843276977539	0.9839759469032288	0.5892121515406552	0	0.40315782987460785	1	0.007630018584736911	2	-3.051940075238235e-05	-0.9999986886978149	-0.0016175282653421164	0.05437313765287399	-0.0016167720314115286	0.9985194206237793	-0.9985207319259644	-5.747587056248449e-05	0.0543731153011322
2.8309173583984375	-0.7607073783874512	4.483705520629883	0.3266424834728241	0.9729278087615967	0.8710703057769561	0	0.12892969422304393	1	0.0	0	-0.00018311616440769285	-0.9999973773956299	-0.0022889520041644573	-0.9997779130935669	0.0002313006407348439	-0.021072296425700188	0.02107277140021324	0.002284585265442729	-0.9997753500938416
3.148698329925537	-0.7618874907493591	4.990164756774902	0.30486443638801575	0.9397704601287842	0.7521769037335729	0	0.2478230962664271	1	0.0	0	0.0	-0.9999986886978149	-0.0016175282653421164	-0.9997779726982117	3.408742122701369e-05	-0.021072739735245705	0.021072767674922943	0.0016171691240742803	-0.9997766613960266
2.8202438354492188	-0.7618874907493591	4.990164756774902	0.3266424536705017	0.939311146736145	0.7142255422808136	0	0.28577445771918636	1	0.0	0	0.0	-0.9999985694885254	-0.0017090862384065986	-0.9997780323028564	3.6015982914250344e-05	-0.021072760224342346	0.021072790026664734	0.0017087067244574428	-0.9997764825820923
2.855161666870117	-0.75932776927948	3.9338831901550293	0.7757609486579895	0.970054566860199	0.9428431180629553	0	0.0571568819370447	1	0.0	0	-0.0013123323442414403	-0.9999972581863403	-0.0019532388541847467	0.9999991059303284	-0.0013126279227435589	0.00015859596896916628	-0.00016115940525196493	-0.001953028840944171	0.9999980926513672
3.1079154014587402	-0.7591575384140015	3.6469130516052246	0.7925204038619995	0.9510083198547363	0.9804903255491456	0	0.019509674450854348	1	0.0	0	-0.0001525969710201025	-0.9999984502792358	-0.0018006442114710808	1.0	-0.0001529193832539022	0.0001603034615982324	-0.0001605785801075399	-0.0018006197642534971	0.9999984502792358
3.1078453063964844	-0.7600389122962952	4.088423728942871	0.7925204038619995	0.9803073406219482	0.9338381432407311	0	0.06616185675926894	1	0.0	0	-0.0005798681522719562	-0.9999978542327881	-0.00201427866704762	0.9999997615814209	-0.0005802511004731059	0.000161064337589778	-0.0001622327690711245	-0.0020141848362982273	0.9999979734420776
2.8318958282470703	-0.7582476139068604	3.199162483215332	0.9074352979660034	0.9806081652641296	1.0	0	0.0	0	0.0	0	-3.0519371648551896e-05	-0.9999977350234985	-0.0021363559644669294	-1.0	3.052005195058882e-05	-1.0929636573564494e-06	1.1581629451029585e-06	0.0021363559644669294	-0.9999977350234985
3.1079154014587402	-0.7591575384140015	3.6469130516052246	0.8891298174858093	0.9508950710296631	0.9804903255491456	0	0.019509674450854348	1	0.0	0	-0.0001525969710201025	-0.9999984502792358	-0.0018006442114710808	-1.0	0.00015259171777870506	-1.8602178215587628e-06	2.134978331014281e-06	0.0018006439786404371	-0.9999984502792358
2.8318958282470703	-0.7591575384140015	3.6469130516052246	0.9074352383613586	0.9508950114250183	0.9762132917059678	0	0.023786708294032198	1	0.0	0	-0.0003967525844927877	-0.9999996423721313	-0.0008545440505258739	-0.9999999403953552	0.0003967314260080457	-2.9541160984081216e-06	3.293139116067323e-06	0.0008545427117496729	-0.9999996423721313
2.8318958282470703	-0.7582476139068604	3.199162483215332	0.14283393323421478	0.9756602644920349	1.0	0	0.0	0	0.0	0	-3.0519371648551896e-05	-0.9999977350234985	-0.0021363559644669294	1.0	-3.0522751330863684e-05	-2.83549661617144e-06	2.770282662822865e-06	-0.0021363559644669294	0.9999977350234985
3.1079154014587402	-0.7573376297950745	2.7514119148254395	0.16113939881324768	0.9459471702575684	1.0	0	0.0	0	0.0	0	-0.00021363563428167254	-0.9999978542327881	-0.0020753175485879183	1.0	-0.0002136388939106837	-2.8170209134259494e-06	2.3736461116641294e-06	-0.0020753180142492056	0.9999978542327881
3.1079154014587402	-0.7582476139068604	3.199162483215332	0.1611393690109253	0.9756603240966797	1.0	0	0.0	0	0.0	0	0.0	-0.9999979734420776	-0.0020142788998782635	1.0	6.554631948318956e-09	-3.2540756365051493e-06	3.254082230341737e-06	-0.0020142788998782635	0.9999979734420776
2.8060078620910645	-0.7570101022720337	2.680220603942871	0.6470094919204712	0.9720401167869568	1.0	0	0.0	0	0.0	0	-0.00045779062202200294	-0.9999978542327881	-0.002044798107817769	0.9999999403953552	-0.0004577899817377329	6.441992184136325e-08	-1.0005078365793452e-06	-0.0020447976421564817	0.9999979138374329
3.1079154014587402	-0.7564276456832886	2.3036608695983887	0.6670317053794861	0.9470512270927429	1.0	0	0.0	0	0.0	0	-6.10388015047647e-05	-0.9999986886978149	-0.0016480475896969438	1.0	-6.10512142884545e-05	4.069650572091632e-07	-5.075797844256158e-07	-0.001648047473281622	0.9999986290931702
3.1079154014587402	-0.7573376297950745	2.7514119148254395	0.6670317053794861	0.976764440536499	1.0	0	0.0	0	0.0	0	-0.00021363563428167254	-0.9999978542327881	-0.0020753175485879183	1.0	-0.00021366041619330645	9.951334050128935e-07	-1.4385444728759467e-06	-0.0020753173157572746	0.9999979138374329
2.3928799629211426	-0.7623175382614136	5.262465000152588	0.9203535914421082	0.7275002598762512	0.5418081150752034	1	0.4204211989245548	0	0.037770686000241784	2	-0.6923273801803589	-0.7085941433906555	0.13629861176013947	0.1821158230304718	0.011185701005160809	0.983213484287262	-0.6982238292694092	0.705527663230896	0.121302030980587
2.6377687454223633	-0.7618874907493591	4.990164756774902	0.9053182005882263	0.7084142565727234	0.6716864363199763	0	0.32831356368002373	1	0.0	0	0.00015259700012393296	-0.9999986886978149	-0.0016175282653421164	0.1699761301279068	-0.0015680326614528894	0.9854469895362854	-0.9854482412338257	-0.00042531747021712363	0.16997568309307098
2.662081718444824	-0.7621039748191833	5.216032028198242	0.9203535914421082	0.7093720436096191	0.5784083930406376	0	0.41050949270819465	1	0.011082114251167752	2	0.0	-0.9999988079071045	-0.0015564896166324615	0.16997681558132172	-0.0015338027151301503	0.9854468703269958	-0.9854480624198914	-0.00026456714840605855	0.1699766218662262
2.299408435821533	-0.7612777948379517	4.607661724090576	0.38787418603897095	0.9465630054473877	0.8066315666487028	0	0.19336843335129722	1	0.0	0	-0.699321985244751	-0.7107362151145935	0.0761764720082283	0.7148476243019104	-0.6952874660491943	0.0746207982301712	-7.115890184650198e-05	0.10663853585720062	0.9942979216575623
2.6377687454223633	-0.7618874907493591	4.990164756774902	0.41031405329704285	0.9719462394714355	0.6716864363199763	0	0.32831356368002373	1	0.0	0	0.00015259700012393296	-0.9999986886978149	-0.0016175282653421164	1.0	0.00015261030057445168	9.880711786536267e-07	-7.41218400435173e-07	-0.0016175283817574382	0.9999987483024597
2.3388638496398926	-0.7618874907493591	4.990164756774902	0.390490859746933	0.9719462394714355	0.6408362754175367	0	0.3533580363905823	1	0.005805688191880956	2	-0.7080392837524414	-0.6982426643371582	0.10553447902202606	0.7061929106712341	-0.7000684142112732	0.10581042617559433	0.0	0.14944563806056976	0.9887699484825134
2.2381887435913086	-0.7600675225257874	4.094663619995117	0.5532100796699524	0.8740857243537903	0.9043667850590225	0	0.09563321494097758	1	0.0	0	-0.7014812231063843	-0.7082259654998779	0.07962430268526077	0.7120684385299683	-0.6916779279708862	0.1205824464559555	-0.030325250700116158	0.1412842869758606	0.9895045161247253
2.655247211456299	-0.7606558799743652	4.472501754760742	0.5816202163696289	0.8983039259910583	0.8647789922378473	0	0.1352210077621527	1	0.0	0	0.0003357128007337451	-0.9999969005584717	-0.0025025864597409964	0.999535083770752	0.0002592876844573766	0.03049008548259735	-0.03048933856189251	-0.0025116584729403257	0.9995319247245789
2.299408435821533	-0.7612777948379517	4.607661724090576	0.5583055019378662	0.9079891443252563	0.8066315666487028	0	0.19336843335129722	1	0.0	0	-0.699321985244751	-0.7107362151145935	0.0761764720082283	0.7142044901847839	-0.6901542544364929	0.11661487072706223	-0.030308900400996208	0.13595691323280334	0.9902510046958923
2.1878504753112793	-0.7591575384140015	3.6469130516052246	0.5829046368598938	0.9079890847206116	0.9483924889280203	0	0.051607511071979716	1	0.0	0	-0.7444537878036499	-0.6611364483833313	-0.09320550411939621	0.06929249316453934	0.06233327463269234	-0.9956470727920532	0.664068341255188	-0.7476716637611389	-0.000592449214309454
2.6755151748657227	-0.7587487101554871	3.8080363273620605	0.5722191333770752	0.9403508901596069	0.9526181636662722	0	0.047381836333727834	1	0.0	0	-0.0004272721125744283	-0.9999998807907104	-0.00045779155334457755	-6.519750854749873e-07	0.00045772932935506105	-0.9999998807907104	0.9999998807907104	-0.0004272717342246324	-8.47549870286457e-07
2.2381887435913086	-0.7600675225257874	4.094663619995117	0.5532100796699524	0.9113295674324036	0.9043667850590225	0	0.09563321494097758	1	0.0	0	-0.7014812231063843	-0.7082259654998779	0.07962430268526077	-0.05713861063122749	-0.05547192692756653	-0.9968239665031433	0.7103935480117798	-0.7038029432296753	-0.0015545334899798036
2.3589987754821777	-0.7582476139068604	3.199162483215332	0.44730183482170105	0.921271800994873	0.9958299315912025	0	0.004170068408797521	1	0.0	0	-0.6532421112060547	-0.7036605477333069	-0.27952927350997925	-0.18911242485046387	-0.20582422614097595	0.9601421356201172	-0.7331480979919434	0.6800677180290222	0.001382103655487299
2.67855167388916	-0.7591575384140015	3.6469130516052246	0.47699639201164246	0.9000660181045532	0.973437830757596	0	0.026562169242403955	1	0.0	0	0.0	-1.0	0.00024415552616119385	1.1600909033404605e-07	0.0002440169482724741	1.0	-1.0	2.8324256134970582e-11	1.1600907612319133e-07
2.1878504753112793	-0.7591575384140015	3.6469130516052246	0.47699639201164246	0.9326293468475342	0.9483924889280203	0	0.051607511071979716	1	0.0	0	-0.7444537878036499	-0.6611364483833313	-0.09320550411939621	-0.06867419928312302	-0.06302937865257263	0.9956461191177368	-0.6641325950622559	0.7476133108139038	0.0015194438165053725
2.5704174041748047	-0.7573376297950745	2.7514119148254395	0.42759355902671814	0.9445996284484863	1.0	0	0.0	0	0.0	0	-0.6259514093399048	-0.7017919421195984	-0.34010738134384155	0.7772299647331238	-0.5253685712814331	-0.346267968416214	0.06432633846998215	-0.4810885787010193	0.8743088841438293
2.67855167388916	-0.7582476139068604	3.199162483215332	0.43261080980300903	0.974751889705658	1.0	0	0.0	0	0.0	0	3.0519371648551896e-05	-0.9999977350234985	-0.0021363559644669294	0.9974106550216675	0.0001840964105213061	-0.07191628962755203	0.07191652059555054	-0.0021286294795572758	0.997408390045166
2.3589987754821777	-0.7582476139068604	3.199162483215332	0.41147318482398987	0.9732268452644348	0.9958299315912025	0	0.004170068408797521	1	0.0	0	-0.6532421112060547	-0.7036605477333069	-0.27952927350997925	0.7543651461601257	-0.5729379653930664	-0.32042983174324036	0.06532090902328491	-0.4201854169368744	0.9050842523574829
3.966642379760742	-0.7609775066375732	4.54241418838501	0.10513393580913544	0.9879136681556702	0.8278896532126439	0	0.17211034678735615	1	0.0	0	-9.155810403171927e-05	-0.999997615814209	-0.0021973946131765842	-1.0	9.15201599127613e-05	2.631238203321118e-06	-2.430126187391579e-06	0.002197394846007228	-0.999997615814209
4.14338493347168	-0.7618874907493591	4.990164756774902	0.0934126153588295	0.9582003951072693	0.6045516541043499	0	0.39544834589565014	1	0.0	0	0.7039027810096741	-0.7020410895347595	0.10797815024852753	-0.7103431224822998	-0.6957955360412598	0.10621325671672821	0.0005646465579047799	-0.15146534144878387	-0.9884624481201172
4.10831356048584	-0.7626850008964539	5.163456439971924	0.09573855996131897	0.9467006325721741	0.5133917138333982	0	0.48660828616660173	1	0.0	0	0.6846104264259338	-0.7186395525932312	0.12192486971616745	-0.7289447784423828	-0.6750887632369995	0.11355482786893845	0.0007051204447634518	-0.16661731898784637	-0.9860213398933411
3.966642379760742	-0.7600675225257874	4.094663619995117	0.849735677242279	0.9806082248687744	0.9129054362937692	0	0.08709456370623075	1	0.0	0	-3.051938256248832e-05	-0.9999980926513672	-0.0019837599247694016	-1.0	3.051987005164847e-05	-1.094275148716406e-06	1.1548171414688113e-06	0.0019837599247694016	-0.9999980926513672
4.193722724914551	-0.7609775066375732	4.54241418838501	0.8346759080886841	0.9508950710296631	0.8129375919942393	0	0.18706240800576068	1	0.0	0	0.6933529376983643	-0.7156620025634766	0.084200918674469	-0.7206037044525146	-0.6885980367660522	0.08101275563240051	2.8349577405606396e-06	-0.11684591323137283	-0.9931501150131226
3.966642379760742	-0.7609775066375732	4.54241418838501	0.849735677242279	0.9508950114250183	0.8278896532126439	0	0.17211034678735615	1	0.0	0	-9.155810403171927e-05	-0.999997615814209	-0.0021973946131765842	-1.0	9.156122541753575e-05	-3.6636383811128326e-06	3.8648258851026185e-06	0.0021973943803459406	-0.999997615814209
3.966642379760742	-0.7591575384140015	3.6469130516052246	0.273430198431015	0.9694992303848267	0.9603358495583966	0	0.03966415044160347	1	0.0	0	0.0	-0.9999979734420776	-0.0020142788998782635	-1.0	0.0	0.0	0.0	0.002014279132708907	-0.9999980330467224
4.254128456115723	-0.7600675225257874	4.094663619995117	0.25436437129974365	0.9397860169410706	0.904041876379696	0	0.09595812362030394	1	0.0	0	0.6879061460494995	-0.7179372310638428	0.10654304921627045	-0.7258355617523193	-0.6804166436195374	0.1009749248623848	7.450785766138779e-09	-0.14679400622844696	-0.9891671538352966
3.966642379760742	-0.7600675225257874	4.094663619995117	0.2734302580356598	0.9397860169410706	0.9129054362937692	0	0.08709456370623075	1	0.0	0	-3.051938256248832e-05	-0.9999980926513672	-0.0019837599247694016	-1.0	3.0517578125e-05	6.053966217223206e-08	0.0	0.0019837599247694016	-0.9999980926513672
3.966642379760742	-0.7591575384140015	3.6469130516052246	0.548387348651886	0.93991619348526	0.9603358495583966	0	0.03966415044160347	1	0.0	0	0.0	-0.9999979734420776	-0.0020142788998782635	-1.0	2.2640986863109447e-09	-1.1240219919272931e-06	1.1240242656640476e-06	0.0020142788998782635	-0.9999979734420776
4.284331321716309	-0.7582476139068604	3.199162483215332	0.5273184776306152	0.9696293473243713	0.9967111648395933	0	0.0032888351604067135	1	0.0	0	0.6912661790847778	-0.7197713255882263	-0.06387726962566376	-0.722642183303833	-0.6885160207748413	-0.0611061155796051	1.9074093415838433e-06	0.08840101212263107	-0.9960850477218628
4.33466911315918	-0.7591575384140015	3.6469130516052246	0.5239800810813904	0.93991619348526	0.9495208179805191	0	0.05047918201948087	1	0.0	0	0.7299030423164368	-0.6831167340278625	0.024354517459869385	-0.6835984587669373	-0.7293949723243713	0.026004431769251823	0.0	-0.03562942519783974	-0.9993651509284973
3.966642379760742	-0.7582476139068604	3.199162483215332	0.08144760876893997	0.9465492367744446	1.0	0	0.0	0	0.0	0	0.0	-0.9999979734420776	-0.0020142788998782635	-1.0	0.0	0.0	0.0	0.002014279132708907	-0.9999980330467224
4.254128456115723	-0.7573376297950745	2.7514119148254395	0.06238175556063652	0.9762623906135559	1.0	0	0.0	0	0.0	0	0.7029501795768738	-0.7075890898704529	-0.07196442037820816	-0.7112733721733093	-0.6993080973625183	-0.07112222909927368	1.117614623069585e-08	0.101181760430336	-0.9948680400848389
4.284331321716309	-0.7582476139068604	3.199162483215332	0.060378722846508026	0.9465492367744446	0.9967111648395933	0	0.0032888351604067135	1	0.0	0	0.6912661790847778	-0.7197713255882263	-0.06387726962566376	-0.722642183303833	-0.6885162591934204	-0.06110348924994469	3.725408426191734e-09	0.08839917927980423	-0.9960851073265076
3.966642379760742	-0.7573376297950745	2.7514119148254395	0.8688015937805176	0.9508950114250183	1.0	0	0.0	0	0.0	0	0.0	-0.9999979734420776	-0.0020142788998782635	-1.0	0.0	0.0	0.0	0.0020142788998782635	-0.9999979734420776
4.193722724914551	-0.7564276456832886	2.3036608695983887	0.8537417054176331	0.9806082248687744	1.0	0	0.0	0	0.0	0	0.7001928687095642	-0.6902742981910706	-0.18234984576702118	-0.713966965675354	-0.6769567131996155	-0.17883175611495972	7.450651651197404e-09	0.25540846586227417	-0.966833233833313
4.254128456115723	-0.7573376297950745	2.7514119148254395	0.8497357368469238	0.9508950114250183	1.0	0	0.0	0	0.0	0	0.7029501795768738	-0.7075890898704529	-0.07196442037820816	-0.7112733125686646	-0.6993081569671631	-0.07112222164869308	0.0	0.1011817529797554	-0.9948680400848389
4.064516067504883	-0.7629747986793518	5.526429176330566	0.8544641733169556	0.3913574516773224	0.8858698889520239	1	0.11413011104797607	0	0.0	0	0.20707429945468903	-0.9357561469078064	-0.28544819355010986	-0.058715302497148514	0.27934199571609497	-0.9583947658538818	0.9765615463256836	0.2152191400527954	0.002901347354054451
7.569509506225586	-0.7711765766143799	7.308784008026123	0.7367138266563416	0.6241828799247742	0.7708853887840251	1	0.19568678367978276	2	0.03342782753619217	0	0.6654729247093201	-0.7359419465065002	0.12464074045419693	0.08698439598083496	-0.08937577158212662	-0.9921923875808716	0.7413358092308044	0.6711190342903137	0.004538307897746563
7.501521110534668	-0.7731020450592041	7.727200984954834	0.7089558243751526	0.6197253465652466	0.7462020809976185	1	0.22963523353258722	2	0.024162685469794228	0	0.6551870107650757	-0.7550460696220398	0.025208892300724983	0.019915591925382614	-0.01609289087355137	-0.9996721148490906	0.7552042007446289	0.6554742455482483	0.004493335727602243
2.429471969604492	-0.7626089453697205	5.446926593780518	0.9385915398597717	0.710002064704895	0.7402943830882314	1	0.19921515510948085	0	0.06049046180228774	2	-0.24137650430202484	-0.9414873719215393	-0.23524214327335358	-0.008275418542325497	0.2443859726190567	-0.969642698764801	0.9703963398933411	-0.23210225999355316	-0.06678023934364319
2.662081718444824	-0.7621039748191833	5.216032028198242	0.9528167843818665	0.7264472246170044	0.5784083930406376	0	0.41050949270819465	1	0.011082114251167752	2	0.0	-0.9999988079071045	-0.0015564896166324615	-0.0681942030787468	0.0015528933145105839	-0.9976708292961121	0.9976720809936523	0.00010614356870064512	-0.06819412112236023
2.67855167388916	-0.7626552581787109	5.456993579864502	0.9367989897727966	0.7264472246170044	0.5868994137698976	1	0.3732127483451179	0	0.039887837884984484	2	0.0614352822303772	-0.681312084197998	0.7294104099273682	-0.03403351455926895	-0.7317593693733215	-0.680712878704071	0.9975307583808899	0.01699538342654705	-0.06814327836036682
2.7705931663513184	-0.7622028589248657	5.237523555755615	0.5523973703384399	0.9696293473243713	0.5892121515406552	0	0.40315782987460785	1	0.007630018584736911	2	-3.051940075238235e-05	-0.9999986886978149	-0.0016175282653421164	-0.05437469482421875	0.0016167860012501478	-0.9985193014144897	0.9985206127166748	5.747839531977661e-05	-0.05437467247247696
3.1079154014587402	-0.7622382640838623	5.366386890411377	0.5426474809646606	0.9915162324905396	0.5977545279459158	0	0.4022454720540843	1	0.0	0	0.0467553585767746	-0.7398760914802551	0.6711164712905884	-0.03096390701830387	-0.672572910785675	-0.739382803440094	0.9984263777732849	0.013789722695946693	-0.054355841130018234
2.8318958282470703	-0.762506365776062	5.424633979797363	0.5397855043411255	0.9730162620544434	0.510114077107487	1	0.4670194233165955	0	0.022866499575917482	2	0.14649292826652527	-0.7078660130500793	0.6909888386726379	0.0672033354640007	-0.689749538898468	-0.7209225296974182	0.9869258403778076	0.1520468145608902	-0.053472474217414856
3.3225975036621094	-0.7623077034950256	5.3814873695373535	0.6764612197875977	0.9782783389091492	0.6088722202545144	0	0.3911277797454856	1	0.0	0	-0.049807265400886536	-0.7071899175643921	0.7052671909332275	0.0069817183539271355	-0.7063428163528442	-0.7078355550765991	0.9987344741821289	-0.03033137321472168	0.040118396282196045
3.5372791290283203	-0.7621795535087585	5.232456684112549	0.6869088411331177	0.9921160340309143	0.642936097857698	0	0.357063902142302	1	0.0	0	-0.0004272719088476151	-0.9999994039535522	-0.001068179844878614	0.040168747305870056	0.0010501601500436664	-0.9991924166679382	0.9991928339004517	-0.0004698342236224562	0.04016827046871185
3.5372791290283203	-0.7623772621154785	5.396589279174805	0.6760324239730835	0.9925535321235657	0.5535921698998246	0	0.4464078301001753	1	0.0	0	-0.10669555515050888	-0.7266346216201782	0.6786887049674988	-0.04483162239193916	-0.6783382892608643	-0.7333807349205017	0.9932803511619568	-0.10867518186569214	0.03979947045445442
3.5372791290283203	-0.7623772621154785	5.396589279174805	0.6362050175666809	0.9490565061569214	0.5535921698998246	0	0.4464078301001753	1	0.0	0	-0.10669555515050888	-0.7266346216201782	0.6786887049674988	0.08994584530591965	-0.6868032217025757	-0.7212566137313843	0.990215539932251	-0.015909647569060326	0.13863660395145416
4.085489273071289	-0.7625327706336975	5.309220314025879	0.6469850540161133	0.9842807054519653	0.6189930136449483	1	0.3810069863550517	0	0.0	0	0.6889392137527466	-0.7196109294891357	0.08673541247844696	0.13291481137275696	0.007791271898895502	-0.9910968542098999	0.7125282883644104	0.6943338513374329	0.101014643907547
4.064516067504883	-0.7629747986793518	5.526429176330566	0.632526159286499	0.9849011898040771	0.8858698889520239	1	0.11413011104797607	0	0.0	0	0.20707429945468903	-0.9357561469078064	-0.28544819355010986	0.07842850685119629	0.3066922128200531	-0.948572039604187	0.9751768112182617	0.1740376204252243	0.13689804077148438
3.1942992210388184	-0.7620967030525208	5.214450836181641	0.9403649568557739	0.7725924253463745	0.6895712484829314	0	0.31042875151706867	1	0.0	0	-6.1038852436468e-05	-0.9999995231628418	-0.0010071410797536373	-0.07016938179731369	-0.0010003781644627452	0.9975346326828003	-0.9975351691246033	0.00013155884516891092	-0.07016929239034653
3.3225975036621094	-0.7623077034950256	5.3814873695373535	0.9508184194564819	0.763321578502655	0.6088722202545144	0	0.3911277797454856	1	0.0	0	-0.049807265400886536	-0.7071899175643921	0.7052671909332275	-0.04942895844578743	0.7069936990737915	0.7054904103279114	-0.9975350499153137	0.000277923682006076	-0.07016907632350922
3.1079154014587402	-0.7622382640838623	5.366386890411377	0.9508183598518372	0.7776033282279968	0.5977545279459158	0	0.4022454720540843	1	0.0	0	0.0467553585767746	-0.7398760914802551	0.6711164712905884	-0.13602615892887115	0.6608482003211975	0.7380898594856262	-0.9896011352539062	-0.1257990598678589	-0.06974431127309799
3.1079154014587402	-0.7564276456832886	2.3036608695983887	0.2326335608959198	0.969761312007904	1.0	0	0.0	0	0.0	0	-6.10388015047647e-05	-0.9999986886978149	-0.0016480475896969438	1.0	-6.104008934926242e-05	2.892405063903425e-06	-2.9929981337772915e-06	-0.0016480473568663	0.9999986886978149
3.3225975036621094	-0.7573376297950745	2.7514119148254395	0.24687114357948303	0.9994744658470154	1.0	0	0.0	0	0.0	0	0.0	-0.9999979734420776	-0.0020142788998782635	1.0	-2.3986319597213424e-09	1.1908110764125013e-06	-1.1908133501492557e-06	-0.0020142788998782635	0.9999979734420776
3.1079154014587402	-0.7573376297950745	2.7514119148254395	0.23263350129127502	0.9994744658470154	1.0	0	0.0	0	0.0	0	-0.00021363563428167254	-0.9999978542327881	-0.0020753175485879183	1.0	-0.00021362307597883046	-4.433366598277644e-07	0.0	-0.0020753175485879183	0.9999979138374329
3.1079154014587402	-0.7573376297950745	2.7514119148254395	0.21839585900306702	0.969761312007904	1.0	0	0.0	0	0.0	0	-0.00021363563428167254	-0.9999978542327881	-0.0020753175485879183	1.0	-0.00021362928964663297	2.549651753724902e-06	-2.9929949505458353e-06	-0.002075317082926631	0.9999979138374329
3.3225975036621094	-0.7582476139068604	3.199162483215332	0.23263347148895264	0.9994744658470154	1.0	0	0.0	0	0.0	0	0.0	-0.9999979734420776	-0.0020142788998782635	1.0	-2.398632403810552e-09	1.190811190099339e-06	-1.1908134638360934e-06	-0.0020142788998782635	0.9999979734420776
3.1079154014587402	-0.7582476139068604	3.199162483215332	0.21839593350887299	0.9994744658470154	1.0	0	0.0	0	0.0	0	0.0	-0.9999979734420776	-0.0020142788998782635	1.0	0.0	0.0	0.0	-0.0020142788998782635	0.9999979734420776
