272	202	3
6.1186418533325195	-0.5265750288963318	4.930237770080566	0.9045785069465637	0.8380439281463623	0.9495208179805191	0	0.05047918201948087	1	0.0	0	0.7259597182273865	-0.6875970959663391	0.01388622634112835	-0.6873894929885864	-0.7261173129081726	-0.015788471326231956	0.020939137786626816	0.0019165483536198735	-0.9997789263725281
5.884360313415527	1.5952279567718506	6.812880039215088	0.7677038908004761	0.7172656059265137	0.8361988550905405	1	0.15936399229075926	0	0.004437152618700201	2	0.20530420541763306	0.939967930316925	-0.27259954810142517	0.5295326113700867	-0.3410884141921997	-0.7766942381858826	-0.8230481743812561	0.015108236111700535	-0.5677705407142639
5.848488807678223	-0.5303922295570374	6.809753894805908	0.9049913883209229	0.7171489000320435	0.8858698889520239	1	0.11413011104797607	0	0.0	0	0.20432372391223907	-0.9408963322639465	-0.2701224088668823	-0.6010392308235168	-0.33844515681266785	0.7240212559700012	-0.7726504802703857	0.014419433660805225	-0.6346678733825684
-0.041380882263183594	1.5828547477722168	9.501758575439453	0.8469229340553284	0.34174999594688416	0.6680241677522476	2	0.2672765614101777	1	0.06469927083757473	0	-0.7311411499977112	0.6781298518180847	-0.07464922219514847	-0.674900233745575	-0.7349565029144287	-0.06594482064247131	-0.09958307445049286	0.0021658032201230526	0.9950268864631653
0.024602890014648438	-0.5464157462120056	10.291850090026855	0.9846846461296082	0.39156559109687805	0.6834394102108241	2	0.26780379257253745	1	0.048756797216638524	0	-0.6590961813926697	-0.7449166178703308	-0.1033996120095253	0.73600172996521	-0.6671997308731079	0.1146562248468399	-0.15439748764038086	-0.0005328208208084106	0.9880086183547974
-0.09391546249389648	1.578779697418213	10.387287139892578	0.8473411202430725	0.3987266719341278	0.7362505734289452	2	0.21431829480279482	1	0.049431131768259993	0	-0.6936120986938477	0.7125035524368286	-0.10602404177188873	-0.7042027115821838	-0.701709508895874	-0.10817752778530121	-0.1514749377965927	-0.00037082494236528873	0.9884610176086426
4.55613899230957	1.6242693662643433	6.516345500946045	0.5364285707473755	0.9052261114120483	0.5996510968718665	0	0.3834165190974741	1	0.0169323840306594	2	0.45339009165763855	0.5761985182762146	0.6800241470336914	0.32360202074050903	-0.8173131942749023	0.47673994302749634	0.830489456653595	0.003908009734004736	-0.5570206642150879
4.444747447967529	1.5866941213607788	6.494210720062256	0.5400658845901489	0.8944382667541504	0.5752792427446253	0	0.40181544067324765	1	0.022905316582127085	2	-0.3543330430984497	0.8772870898246765	0.32375237345695496	-0.6450648903846741	-0.48008260130882263	0.5944847464561462	0.6769616007804871	0.0018042995361611247	0.7360161542892456
4.556135654449463	1.586592674255371	6.516272068023682	0.5400658845901489	0.9052114486694336	0.5929454044602452	0	0.38938317681579765	1	0.017671418723957128	2	0.23850631713867188	0.9129771590232849	0.33104008436203003	0.5413110852241516	-0.4080636501312256	0.7351641654968262	0.8062735199928284	0.0038543720729649067	-0.591530442237854
0.2104625403881073	-0.5384764075279236	8.566534042358398	0.9839743971824646	0.2799777090549469	0.5015138538947483	2	0.4101372972335364	1	0.0883488488717152	0	-0.6562455892562866	-0.7542719841003418	-0.020386554300785065	0.7536096572875977	-0.6565535664558411	0.03178027272224426	-0.03735583275556564	0.005492161959409714	0.9992870092391968
0.052420616149902344	1.588966965675354	8.173467636108398	0.8463144898414612	0.2561812102794647	0.4836830791945876	2	0.4217874550743849	1	0.0945294657310275	0	-0.7602282166481018	0.6157817840576172	-0.20704087615013123	-0.5921439528465271	-0.7879117727279663	-0.16899923980236053	-0.26719656586647034	-0.0058799805119633675	0.963624119758606
0.1671600341796875	-0.5364915728569031	8.135205268859863	0.9836845397949219	0.2527015507221222	0.4561037761050296	1	0.4441899094127051	2	0.0997063144822653	0	-0.7290260195732117	-0.650040864944458	-0.2144014686346054	0.6258879899978638	-0.7599157094955444	0.17547772824764252	-0.2769947350025177	-0.006263472139835358	0.9608510136604309
4.9910736083984375	1.5867016315460205	6.492587566375732	0.5437042713165283	0.8942393064498901	0.6969620526361636	0	0.3030379473638364	1	0.0	0	-0.32899346947669983	0.8812324404716492	0.33940041065216064	-0.6142188906669617	-0.47272229194641113	0.6318772435188293	0.7172728776931763	-0.0005826573469676077	0.6967921853065491
5.113287925720215	1.6243358850479126	6.5019025802612305	0.5400668978691101	0.9060179591178894	0.7038624843667415	0	0.29613751563325846	1	0.0	0	0.515072226524353	0.5790403485298157	0.6319912075996399	0.3676818311214447	-0.8153145909309387	0.4472945034503937	0.774273157119751	0.0019827326759696007	-0.6328485012054443
4.991076946258545	1.6243782043457031	6.492660999298096	0.5400668978691101	0.8942432403564453	0.7054002853612557	0	0.29459971463874435	1	0.0	0	-0.5324389338493347	0.5924702882766724	0.6045559644699097	-0.39201581478118896	-0.8056135177612305	0.444196492433548	0.7502115964889526	-0.00048798019997775555	0.6611976623535156
5.848488807678223	-0.5303922295570374	6.809753894805908	0.8691973090171814	0.763460636138916	0.8858698889520239	1	0.11413011104797607	0	0.0	0	0.20432372391223907	-0.9408963322639465	-0.2701224088668823	0.9517948031425476	0.12645816802978516	0.2794550061225891	-0.22877898812294006	-0.3142003118991852	0.9213785529136658
5.343145847320557	1.5958411693572998	6.679598331451416	0.8363573551177979	0.8999276161193848	0.5766861142034487	0	0.4233138857965512	1	0.0	0	-0.10794784128665924	0.7373842000961304	0.6667922735214233	0.987200140953064	0.00030062036239542067	0.1594860851764679	0.11740206182003021	0.6754736304283142	-0.7279781699180603
5.32125186920166	-0.5297947525978088	6.6799139976501465	0.8349016904830933	0.7632979154586792	0.5535921698998246	0	0.4464078301001753	1	0.0	0	-0.10672667622566223	-0.726882815361023	0.6784178614616394	0.9881816506385803	-0.002038106555119157	0.15327425301074982	-0.11002973467111588	0.6867585182189941	0.7185097932815552
4.4222540855407715	-0.52424556016922	3.9239954948425293	0.7949646711349487	0.7473841309547424	1.0	0	0.0	0	0.0	0	-0.6091340184211731	-0.7353616952896118	-0.2969829738140106	0.7917811274528503	-0.5853668451309204	-0.17443758249282837	-0.04556926712393761	-0.3414013385772705	0.9388123154640198
4.89188814163208	-0.5234413743019104	3.299257755279541	0.8232985138893127	0.7057908177375793	1.0	0	0.0	0	0.0	0	0.04730416461825371	-0.7771311402320862	-0.6275583505630493	0.9981696605682373	0.013078438118100166	0.05904403701424599	-0.03767747804522514	-0.6292028427124023	0.7763274312019348
5.32125186920166	-0.5231171250343323	3.228785991668701	0.8507732152938843	0.6999234557151794	1.0	0	0.0	0	0.0	0	0.04013259708881378	-0.676821768283844	-0.7350521087646484	0.9986491203308105	0.002870364347472787	0.051881343126297	-0.033004552125930786	-0.7361413240432739	0.6760227084159851
9.564614295959473	-0.5347431302070618	7.7552714347839355	0.9840846657752991	0.36981475353240967	0.8001505357070352	1	0.15025049968388313	2	0.049598964609081655	0	0.7406091690063477	-0.6698657274246216	-0.05270664021372795	-0.6692780256271362	-0.7423949837684631	0.030275240540504456	-0.0594094954431057	0.012853276915848255	-0.9981510043144226
9.69899845123291	1.590761661529541	7.783463001251221	0.8466296195983887	0.3692857623100281	0.8134191066526588	1	0.1257467125570279	2	0.06083418079031326	0	0.7815953493118286	0.6226516366004944	-0.0375995896756649	0.6210146546363831	-0.7824137806892395	-0.04657967388629913	-0.05842134729027748	0.013056561350822449	-0.9982066750526428
9.482270240783691	1.586808681488037	8.642483711242676	0.8467292785644531	0.3140180706977844	0.7677453360491148	1	0.18175666508189087	2	0.050497998868994386	0	0.7038083076477051	0.6946219801902771	0.1488432139158249	0.6785203814506531	-0.719411313533783	0.1485174000263214	0.21024292707443237	-0.003534630872309208	-0.977642834186554
9.412479400634766	1.5848320722579956	9.071993827819824	0.217709481716156	0.08705125749111176	0.7190934696210188	1	0.24131884799164316	2	0.039587682387338036	0	0.6995918154716492	0.7138442397117615	0.0315873809158802	0.020805150270462036	0.023836037144064903	-0.9994993805885315	-0.7142398357391357	0.6998987197875977	0.001823859172873199
5.884360313415527	1.5952279567718506	6.812880039215088	0.3278076648712158	0.2590004801750183	0.8361988550905405	1	0.15936399229075926	0	0.004437152618700201	2	0.20530420541763306	0.939967930316925	-0.27259954810142517	-0.057220689952373505	-0.26651084423065186	-0.9621318578720093	-0.9770237803459167	0.21312804520130157	-0.0009301808895543218
9.125961303710938	1.5789028406143188	10.360525131225586	0.1546928882598877	0.100875124335289	0.5477510538114515	1	0.44133603751876793	2	0.010912908669780605	0	0.6658440232276917	0.7221829891204834	0.18735922873020172	0.12573570013046265	0.13889707624912262	-0.9822923541069031	-0.7354184985160828	0.6776111721992493	0.0016796019626781344
9.317712783813477	-0.5424448847770691	9.428943634033203	0.9839866161346436	0.26215672492980957	0.6958188823911641	1	0.2873769910770555	2	0.01680412653178036	0	0.7179985046386719	-0.6928810477256775	0.0662880539894104	-0.6894728541374207	-0.7210766077041626	-0.06837920844554901	0.09517741948366165	0.003392354818060994	-0.9954546093940735
9.412479400634766	1.5848320722579956	9.071993827819824	0.8467147350311279	0.2863892912864685	0.7190934696210188	1	0.24131884799164316	2	0.039587682387338036	0	0.6995918154716492	0.7138442397117615	0.0315873809158802	0.7135008573532104	-0.7003062963485718	0.02208424173295498	0.037885550409555435	0.007087669335305691	-0.99925696849823
9.445551872253418	1.5828557014465332	9.501503944396973	0.8465288877487183	0.2587738037109375	0.671470482807126	1	0.2994058394995353	2	0.02912367769333871	0	0.7590678930282593	0.6460255980491638	0.08041748404502869	0.6428013443946838	-0.7633290886878967	0.06430494785308838	0.10292764753103256	0.002880646614357829	-0.9946847558021545
5.884360313415527	1.5952279567718506	6.812880039215088	0.8691303133964539	0.2971264719963074	0.8361988550905405	1	0.15936399229075926	0	0.004437152618700201	2	0.20530420541763306	0.939967930316925	-0.27259954810142517	0.5681554079055786	-0.3414139449596405	-0.7487562894821167	-0.7968761324882507	-0.001156096812337637	-0.6041415929794312
9.056422233581543	-0.5284371972084045	6.384912967681885	0.9702882766723633	0.14996618032455444	0.8170112944642272	1	0.11235901160844666	2	0.07062969392732624	0	0.3990437388420105	-0.6001373529434204	-0.693252682685852	-0.2972528636455536	-0.7999271154403687	0.5213034749031067	-0.8674052953720093	-0.001951555605046451	-0.4975984990596771
5.848488807678223	-0.5303922295570374	6.809753894805908	0.9702882766723633	0.29926443099975586	0.8858698889520239	1	0.11413011104797607	0	0.0	0	0.20432372391223907	-0.9408963322639465	-0.2701224088668823	-0.5648082494735718	-0.3387528955936432	0.7524879574775696	-0.7995178699493408	-0.0011837914353236556	-0.6006412506103516
4.574639320373535	1.6258022785186768	5.7430033683776855	0.4172925651073456	0.8199999928474426	0.8628802890509594	0	0.13711971094904066	1	0.0	0	0.5802676677703857	0.5867682695388794	-0.5647942423820496	-0.8141056895256042	0.39764291048049927	-0.4232163727283478	-0.023743506520986557	0.7053809762001038	0.7084307074546814
4.437735080718994	1.6258571147918701	5.731042385101318	0.4261549115180969	0.8195282816886902	0.8548458623653813	0	0.1451541376346187	1	0.0	0	-0.5425972938537598	0.5760156512260437	-0.6113871335983276	-0.8396812081336975	-0.3921247720718384	0.37573060393333435	-0.02331334352493286	0.7172406911849976	0.6964353919029236
4.419793128967285	1.624592900276184	6.262429237365723	0.4261549413204193	0.8537188768386841	0.6834207758973038	0	0.3118808198992322	1	0.004698404203463987	2	-0.7219306826591492	0.6914114952087402	0.02768087573349476	-0.6911783814430237	-0.7185232639312744	-0.07743889093399048	-0.033652789890766144	-0.07503794133663177	0.9966127276420593
4.9910736083984375	1.5867016315460205	6.492587566375732	0.5400671362876892	0.8594764471054077	0.6969620526361636	0	0.3030379473638364	1	0.0	0	-0.32899346947669983	0.8812324404716492	0.33940041065216064	0.6225076913833618	0.47268372774124146	-0.6237422227859497	-0.7100909352302551	0.006072250660508871	-0.7040838003158569
4.944267749786377	1.624592900276184	6.262429237365723	0.5437050461769104	0.8810244798660278	0.7614741782412471	0	0.23852582175875295	1	0.0	0	-0.7293069958686829	0.6813925504684448	0.061769984662532806	0.6797776818275452	0.7318906188011169	-0.04731164127588272	-0.07744667679071426	0.007485148496925831	-0.9969685077667236
4.944263935089111	1.5869163274765015	6.262355804443359	0.5400671362876892	0.8810052275657654	0.7604102112519231	0	0.2395897887480769	1	0.0	0	-0.6760845184326172	0.734589159488678	0.0573449581861496	0.7328313589096069	0.6784896850585938	-0.051087699830532074	-0.07643644511699677	0.00748458132147789	-0.9970464110374451
0.09687137603759766	1.5869295597076416	8.616231918334961	0.8466120362281799	0.28418049216270447	0.543900284988482	2	0.3707731703503647	1	0.08532654466115332	0	-0.6948947310447693	0.7189134359359741	-0.01687719114124775	-0.7188547253608704	-0.6951135396957397	-0.008063288405537605	-0.017528371885418892	0.006529112346470356	0.999825119972229
0.07578086853027344	-0.5424460768699646	9.429192543029785	0.9842773079872131	0.33606043457984924	0.6245724948902788	2	0.31283389506006565	1	0.06259361004965559	0	-0.695263147354126	-0.7144293189048767	-0.07874012738466263	0.7096220254898071	-0.6997458338737488	0.08241590857505798	-0.11397841572761536	0.0014250149251893163	0.9934822916984558
4.419793128967285	1.624592900276184	6.262429237365723	0.5400665998458862	0.7356945276260376	0.6834207758973038	0	0.3118808198992322	1	0.004698404203463987	2	-0.7219306826591492	0.6914114952087402	0.02768087573349476	0.691067099571228	0.7224791646003723	-0.02121697925031185	-0.034668516367673874	0.003812154522165656	-0.9993916749954224
4.437731742858887	1.588180422782898	5.730968952178955	0.5364285707473755	0.7866788506507874	0.8536642043168629	0	0.14633579568313718	1	0.0	0	-0.2632250189781189	0.9156873226165771	-0.3036929965019226	0.5950304865837097	0.4019284248352051	0.6959829330444336	0.7593656182289124	0.0024935274850577116	-0.6506595015525818
4.419789791107178	1.5869163274765015	6.262355804443359	0.5364285707473755	0.735687792301178	0.6825690497465567	0	0.31217625650641356	1	0.005254693747029717	2	-0.6718183755874634	0.7401812672615051	0.028138669207692146	0.7397264838218689	0.6724315285682678	-0.025311410427093506	-0.037656355649232864	0.003810249036177993	-0.999283492565155
4.673943042755127	-0.5231171250343323	3.228785991668701	0.7952767610549927	0.9002781510353088	1.0	0	0.0	0	0.0	0	-0.3611946105957031	-0.5922248363494873	-0.7202833890914917	0.9064909219741821	-0.4041440784931183	-0.12223634123802185	-0.2187068909406662	-0.6970815062522888	0.6828210949897766
4.902400016784668	1.602362871170044	3.2093217372894287	0.8097447156906128	0.7635635137557983	1.0	0	0.0	0	0.0	0	0.049349457025527954	0.7507099509239197	-0.6587862968444824	0.9972508549690247	-0.0005321791977621615	0.07409731298685074	0.055275000631809235	-0.6606317758560181	-0.7486724257469177
4.89188814163208	-0.5234413743019104	3.299257755279541	0.8097338676452637	0.9003382921218872	1.0	0	0.0	0	0.0	0	0.04730416461825371	-0.7771311402320862	-0.6275583505630493	0.997122585773468	-0.0005194697296246886	0.07580449432134628	-0.05923602730035782	-0.6293385028839111	0.7748703956604004
4.213444709777832	-0.530026376247406	6.730251312255859	0.8242121934890747	0.7429922223091125	0.7402943830882314	1	0.19921515510948085	0	0.06049046180228774	2	-0.24585963785648346	-0.9352493286132812	-0.2546795904636383	0.9685204029083252	-0.24760568141937256	-0.02568570338189602	-0.03903757408261299	-0.2529774606227875	0.9666842818260193
4.461654186248779	1.5955559015274048	6.741603851318359	0.8403103351593018	0.879621148109436	0.5671962812149528	1	0.3800298882323697	0	0.05277383055267749	2	0.06167897954583168	0.6929348111152649	0.7183572053909302	0.9977031946182251	-0.06299770623445511	-0.024891305714845657	0.02800680138170719	0.7182425260543823	-0.6952289342880249
4.205971717834473	1.5956034660339355	6.731269836425781	0.8237854838371277	0.8796263337135315	0.7212404979938937	1	0.20709690248775664	0	0.0716625995183497	2	-0.24079708755016327	0.9361482858657837	-0.2562093138694763	0.9697912335395813	0.24268648028373718	-0.02466489002108574	0.03908854350447655	-0.2544088065624237	-0.9663065671920776
5.977695465087891	-0.5238451361656189	3.5869863033294678	0.9048402309417725	0.9244056940078735	1.0	0	0.0	0	0.0	0	0.7055994272232056	-0.6872575283050537	-0.17264603078365326	-0.6703916192054749	-0.726379930973053	0.15148374438285828	-0.229514941573143	0.008853609673678875	-0.9732648730278015
6.161674499511719	1.5991462469100952	4.883538722991943	0.767280101776123	0.8413655161857605	0.9572423564908392	0	0.04275764350916078	1	0.0	0	0.7389234900474548	0.6736130714416504	0.015412041917443275	0.6735016107559204	-0.7390977740287781	0.011407196521759033	0.019075043499469757	0.0019509901758283377	-0.9998162388801575
6.066762924194336	-0.5579618811607361	12.800989151000977	0.9801120162010193	0.36977100372314453	0.9469145026899547	2	0.053085497310045346	1	0.0	0	0.21961535513401031	-0.698215663433075	0.6813691854476929	-0.17612959444522858	-0.7153420448303223	-0.6762130856513977	0.9595546722412109	0.028497502207756042	-0.2800765633583069
4.922448635101318	1.566236138343811	13.113143920898438	0.87821364402771	0.31615161895751953	1.0	2	0.0	0	0.0	0	-0.008270639926195145	0.646880030632019	0.7625468969345093	-0.0013982164673507214	-0.7625990509986877	0.646869957447052	0.9999648332595825	0.004283823072910309	0.0072116609662771225
4.911418914794922	-0.5586351752281189	12.947312355041504	0.9797595739364624	0.3151387870311737	0.974381086504338	2	0.02561891349566206	1	0.0	0	-0.008484303951263428	-0.7072186470031738	0.7069439888000488	0.01361654233187437	-0.7070082426071167	-0.7070742845535278	0.9998713731765747	0.0036270995624363422	0.015628347173333168
9.006376266479492	-0.5462958216667175	10.265780448913574	0.9842506051063538	0.2083033323287964	0.5669423287615374	1	0.4301138720728961	2	0.002943799165566468	0	0.6188636422157288	-0.7667280435562134	0.1706925928592682	-0.7423555850982666	-0.6419464945793152	-0.191866934299469	0.2566852569580078	-0.007975132204592228	-0.966462254524231
9.324329376220703	1.5808790922164917	9.931015014648438	0.8466001749038696	0.23113828897476196	0.6139981304356611	1	0.36614354098863144	2	0.019858328575707487	0	0.7001978158950806	0.6640633344650269	0.2621888816356659	0.6138829588890076	-0.7475124001502991	0.2537183165550232	0.36447441577911377	-0.016699712723493576	-0.931063711643219
9.125961303710938	1.5789028406143188	10.360525131225586	0.8467999696731567	0.20349270105361938	0.5477510538114515	1	0.44133603751876793	2	0.010912908669780605	0	0.6658440232276917	0.7221829891204834	0.18735922873020172	0.6913271546363831	-0.6916921138763428	0.20887529850006104	0.2804410457611084	-0.009551836177706718	-0.959823727607727
4.437731742858887	1.588180422782898	5.730968952178955	0.8803068995475769	0.8745113611221313	0.8536642043168629	0	0.14633579568313718	1	0.0	0	-0.2632250189781189	0.9156873226165771	-0.3036929965019226	-0.9638187289237976	-0.26332440972328186	0.04139650985598564	-0.04206351563334465	0.30360159277915955	0.9518701434135437
4.642945766448975	1.5989717245101929	5.1781158447265625	0.8688033223152161	0.8383585214614868	0.9264637646053838	0	0.07353623539461615	1	0.0	0	0.10706136375665665	0.9631555676460266	-0.24671724438667297	-0.9931190013885498	0.09174249321222305	-0.07278766483068466	-0.04747138172388077	0.25281229615211487	0.9663500189781189
3.957944631576538	1.5991462469100952	4.883538722991943	0.9139127135276794	0.8215774297714233	0.9496418222967292	0	0.05035817770327078	1	0.0	0	-0.7537331581115723	0.6491742730140686	-0.10226990282535553	-0.6554479002952576	-0.7539309859275818	0.0444532074034214	-0.04824656620621681	0.10053844749927521	0.993762731552124
9.17733383178711	1.5972347259521484	6.376776695251465	0.8479270935058594	0.4596753716468811	0.8150398974132508	1	0.10491423621518124	2	0.08004586637156803	0	0.43367230892181396	0.5792165398597717	-0.6902439594268799	0.24689891934394836	-0.8131022453308105	-0.5271677374839783	-0.8665831089019775	0.058197569102048874	-0.49562782049179077
5.848488807678223	-0.5303922295570374	6.809753894805908	0.9799989461898804	0.2597813010215759	0.8858698889520239	1	0.11413011104797607	0	0.0	0	0.20432372391223907	-0.9408963322639465	-0.2701224088668823	0.9777936935424805	0.18302291631698608	0.10208884626626968	-0.04661642014980316	-0.2849831283092499	0.9573982954025269
4.205971717834473	1.5956034660339355	6.731269836425781	0.8740231990814209	0.12310993671417236	0.7212404979938937	1	0.20709690248775664	0	0.0716625995183497	2	-0.24079708755016327	0.9361482858657837	-0.2562093138694763	0.9694430232048035	0.24473775923252106	-0.016841983422636986	0.046937499195337296	-0.2524358332157135	-0.9664745330810547
5.884360313415527	1.5952279567718506	6.812880039215088	0.9824021458625793	0.12310993671417236	0.8361988550905405	1	0.15936399229075926	0	0.004437152618700201	2	0.20530420541763306	0.939967930316925	-0.27259954810142517	0.977597713470459	-0.18372665345668793	0.10270009189844131	0.046450983732938766	-0.28757745027542114	-0.9566303491592407
3.957944631576538	1.5991462469100952	4.883538722991943	0.7665338516235352	0.8067244291305542	0.9496418222967292	0	0.05035817770327078	1	0.0	0	-0.7537331581115723	0.6491742730140686	-0.10226990282535553	-0.6429330110549927	-0.7606639266014099	-0.08959716558456421	-0.13595719635486603	-0.00177965743932873	0.9907131791114807
4.3543901443481445	-0.52475506067276	4.0347371101379395	0.9041402339935303	0.7499233484268188	1.0	0	0.0	0	0.0	0	-0.6366910934448242	-0.6969664692878723	-0.32994285225868225	0.6238736510276794	-0.7170879244804382	0.31075167655944824	-0.45318150520324707	-0.007989819161593914	0.8913824558258057
3.9718234539031982	-0.5265750288963318	4.930237770080566	0.9038064479827881	0.8098195791244507	0.9483924889280203	0	0.051607511071979716	1	0.0	0	-0.7486414313316345	-0.6553741097450256	-0.1001037061214447	0.6498556733131409	-0.7553359270095825	0.08458966761827469	-0.13104979693889618	-0.0017256360733881593	0.9913743734359741
5.907222747802734	-0.5239511132240295	3.4100000858306885	0.9049913287162781	0.9357784390449524	1.0	0	0.0	0	0.0	0	0.5403167605400085	-0.6436862349510193	-0.5419647693634033	-0.47807279229164124	-0.7648863196372986	0.43173524737358093	-0.6924434900283813	0.025824811309576035	-0.7210097908973694
6.01699161529541	1.6019484996795654	3.5046777725219727	0.7675487995147705	0.9300166964530945	1.0	0	0.0	0	0.0	0	0.722420871257782	0.6677609086036682	-0.17945311963558197	0.6449013352394104	-0.7443453073501587	-0.17335596680641174	-0.2493354231119156	0.00950640719383955	-0.9683704972267151
4.962123394012451	0.8385706543922424	5.744665622711182	0.8911252021789551	0.5893988609313965	0.8933393529702316	0	0.1066606470297684	1	0.0	0	0.025208832696080208	0.010712227784097195	-0.9996248483657837	0.9996813535690308	-0.0015655581373721361	0.025193478912115097	-0.0012950925156474113	-0.9999414086341858	-0.010748280212283134
4.574635982513428	1.5881255865097046	5.742929935455322	0.8661935329437256	0.5412513017654419	0.8690351321461869	0	0.13096486785381314	1	0.0	0	0.44069650769233704	0.79957115650177	-0.4080105125904083	0.8974967002868652	-0.3836526572704315	0.21750923991203308	0.017379797995090485	-0.4620436728000641	-0.8866868615150452
4.962130069732666	1.5881034135818481	5.747725963592529	0.8911252021789551	0.5412087440490723	0.8884231505658033	0	0.11157684943419666	1	0.0	0	0.0025330788921564817	0.8775134086608887	-0.47954538464546204	0.9999467134475708	0.002576264785602689	0.009996584616601467	0.010007573291659355	-0.4795451760292053	-0.8774601817131042
4.350653171539307	1.601014494895935	3.9642980098724365	0.7668764591217041	0.745240330696106	1.0	0	0.0	0	0.0	0	-0.648522675037384	0.6842295527458191	-0.33353903889656067	-0.6032447218894958	-0.7292288541793823	-0.32298770546913147	-0.4642240107059479	-0.008259187452495098	0.885679304599762
4.4222540855407715	-0.52424556016922	3.9239954948425293	0.9041893482208252	0.7423741817474365	1.0	0	0.0	0	0.0	0	-0.6091340184211731	-0.7353616952896118	-0.2969829738140106	0.6655994057655334	-0.6776744723320007	0.3126256465911865	-0.4311507046222687	-0.007240773644298315	0.9022509455680847
4.574635982513428	1.7954626083374023	5.743884086608887	0.8962879776954651	0.5743402242660522	0.8815236434379004	0	0.11847635656209968	1	0.0	0	-0.6194196939468384	0.5614330172538757	0.5487369894981384	-0.7850616574287415	-0.43758586049079895	-0.43840262293815613	-0.006014159880578518	-0.7023475766181946	0.7118088603019714
4.902328014373779	1.8090635538101196	5.337723255157471	0.8754509687423706	0.5479599237442017	0.9161844395828074	0	0.08381556041719261	1	0.0	0	0.6501849293708801	0.6338570713996887	-0.4189090430736542	-0.7596657872200012	0.5316375494003296	-0.37452563643455505	-0.014687958173453808	0.561741828918457	0.8271822333335876
4.642945766448975	1.8097939491271973	5.179086208343506	0.8923274278640747	0.5379657745361328	0.9199231039789537	0	0.08007689602104624	1	0.0	0	-0.3617783486843109	0.5671746730804443	-0.7398846745491028	-0.9321234822273254	-0.2342866212129593	0.2761440873146057	-0.016723141074180603	0.7895668148994446	0.6134366989135742
4.205971717834473	1.5956034660339355	6.731269836425781	0.8691303133964539	0.29975616931915283	0.7212404979938937	1	0.20709690248775664	0	0.0716625995183497	2	-0.24079708755016327	0.9361482858657837	-0.2562093138694763	-0.6413770914077759	-0.3517300486564636	-0.6818514466285706	-0.7284305691719055	0.00013894191943109035	0.68511962890625
1.7965707778930664	-0.5283718705177307	6.370707988739014	0.9702947735786438	0.41494208574295044	0.5762744803551352	1	0.277435851578527	2	0.14628966806633778	0	-0.24463945627212524	-0.6208459138870239	-0.7447831034660339	0.1926751583814621	-0.7839446067810059	0.5901755690574646	-0.9502767324447632	0.0008790306164883077	0.31140536069869995
1.7250268459320068	1.597301721572876	6.3621954917907715	0.8691303133964539	0.4185004234313965	0.5045123180838058	1	0.3646435034542014	2	0.13084417846199284	0	-0.26085183024406433	0.6134458780288696	-0.745413064956665	-0.20361891388893127	-0.7897732853889465	-0.5786170363426208	-0.9436574578285217	0.0008468658779747784	0.3309229612350464
4.902400016784668	1.595983862876892	6.648594856262207	0.8078449964523315	0.8999135494232178	0.6090404162465152	0	0.38531082903357017	1	0.005648754719914704	2	0.04577875882387161	0.7605377435684204	0.6476778984069824	0.9974962472915649	0.0001836253795772791	-0.07071975618600845	-0.0539039708673954	0.6492936611175537	-0.7586251497268677
4.944267749786377	1.624592900276184	6.262429237365723	0.543704628944397	0.7856446504592896	0.7614741782412471	0	0.23852582175875295	1	0.0	0	-0.7293069958686829	0.6813925504684448	0.061769984662532806	0.6793739795684814	0.7319193482398987	-0.05239401012659073	-0.0809115320444107	0.003753604367375374	-0.9967142343521118
4.962130069732666	1.5881034135818481	5.747725963592529	0.5400665998458862	0.8350262641906738	0.8884231505658033	0	0.11157684943419666	1	0.0	0	0.0025330788921564817	0.8775134086608887	-0.47954538464546204	-0.004540758207440376	0.4796055257320404	0.877472460269928	0.999986469745636	-4.520715810940601e-05	0.005199455190449953
4.944263935089111	1.5869163274765015	6.262355804443359	0.5400665998458862	0.7856380939483643	0.7604102112519231	0	0.2395897887480769	1	0.0	0	-0.6760845184326172	0.734589159488678	0.0573449581861496	0.7323999404907227	0.6785205602645874	-0.056570179760456085	-0.08046557009220123	0.003753222059458494	-0.9967502951622009
4.991076946258545	1.6243782043457031	6.492660999298096	0.42340028285980225	0.8192070126533508	0.7054002853612557	0	0.29459971463874435	1	0.0	0	-0.5324389338493347	0.5924702882766724	0.6045559644699097	-0.8461421132087708	-0.3522094190120697	-0.39999011158943176	-0.024051953107118607	-0.7245105504989624	0.6888440251350403
5.113287925720215	1.6243358850479126	6.5019025802612305	0.41549190878868103	0.8195282816886902	0.7038624843667415	0	0.29613751563325846	1	0.0	0	0.515072226524353	0.5790403485298157	0.6319912075996399	-0.8568242192268372	0.3684723675251007	0.36066654324531555	-0.024030813947319984	-0.7272747159004211	0.6859257817268372
5.143708229064941	1.624592900276184	6.262429237365723	0.4140651226043701	0.8040703535079956	0.771302278430434	0	0.22869772156956605	1	0.0	0	0.7284274101257324	0.6848463416099548	0.019471120089292526	-0.6842690706253052	0.7286149859428406	-0.02993464656174183	-0.034687578678131104	0.008481730706989765	0.9993622303009033
9.199621200561523	-0.5443703532218933	9.847362518310547	0.9840559363365173	0.23523497581481934	0.6353641057924521	1	0.3547184914914205	2	0.009917402716127462	0	0.6572416424751282	-0.7147712707519531	0.23903025686740875	-0.6783981323242188	-0.6992672085762024	-0.2253914177417755	0.32824936509132385	-0.014021062292158604	-0.9444870948791504
1.7250268459320068	1.597301721572876	6.3621954917907715	0.847416877746582	0.12881585955619812	0.5045123180838058	1	0.3646435034542014	2	0.13084417846199284	0	-0.26085183024406433	0.6134458780288696	-0.745413064956665	-0.16756492853164673	-0.7892348170280457	-0.590787947177887	-0.950722336769104	-0.029203036800026894	0.30866533517837524
0.45787522196769714	-0.5347371697425842	7.753978252410889	0.9838398098945618	0.22631844878196716	0.49491888991884064	1	0.38988429232569727	2	0.11519681775546206	0	-0.536491334438324	-0.7035821676254272	-0.4659927189350128	0.5473724603652954	-0.7104083299636841	0.4423837959766388	-0.6422984600067139	-0.01773650012910366	0.7662494778633118
0.3508424460887909	1.5907678604125977	7.782134532928467	0.8464739322662354	0.22909870743751526	0.46239805582722654	1	0.43067913970602134	2	0.10692280446675212	0	-0.5549613237380981	0.6845153570175171	-0.47271206974983215	-0.5044013857841492	-0.7287936210632324	-0.46307575702667236	-0.6614920496940613	-0.0185525082051754	0.7497227787971497
5.143708229064941	1.624592900276184	6.262429237365723	0.5364291071891785	0.8588168025016785	0.771302278430434	0	0.22869772156956605	1	0.0	0	0.7284274101257324	0.6848463416099548	0.019471120089292526	0.6847258806228638	-0.7286953330039978	0.012392011471092701	0.02267513796687126	0.004305698908865452	-0.9997336864471436
5.113284587860107	1.5866591930389404	6.501829147338867	0.5400665998458862	0.8357735872268677	0.6972988145601804	0	0.30270118543981955	1	0.0	0	0.2688400149345398	0.9101618528366089	0.31516754627227783	0.5961251854896545	-0.41427892446517944	0.6877556443214417	0.7565362453460693	0.0029830909334123135	-0.6539451479911804
5.143704891204834	1.5869163274765015	6.262355804443359	0.5400665998458862	0.8588082790374756	0.7710492682233729	0	0.2289507317766271	1	0.0	0	0.6768261194229126	0.7359724640846252	0.015839507803320885	0.7358676791191101	-0.6770382523536682	0.010862010531127453	0.018718095496296883	0.004304090049117804	-0.9998155832290649
4.962130069732666	1.5881034135818481	5.747725963592529	0.8735159635543823	0.587975025177002	0.8884231505658033	0	0.11157684943419666	1	0.0	0	0.0025330788921564817	0.8775134086608887	-0.47954538464546204	-0.0036309827119112015	0.47960519790649414	0.8774769306182861	0.9999902248382568	-0.00048149703070521355	0.004401113837957382
4.574635982513428	1.7954626083374023	5.743884086608887	0.8869020342826843	0.6128965616226196	0.8815236434379004	0	0.11847635656209968	1	0.0	0	-0.6194196939468384	0.5614330172538757	0.5487369894981384	0.42323505878448486	0.827533483505249	-0.3688637316226959	-0.6611905097961426	0.003763281274586916	-0.7502087354660034
4.574635982513428	1.5881255865097046	5.742929935455322	0.8735160231590271	0.612890362739563	0.8690351321461869	0	0.13096486785381314	1	0.0	0	0.44069650769233704	0.79957115650177	-0.4080105125904083	-0.5825196504592896	0.6006043553352356	0.5476725101470947	0.6829560995101929	-0.003683227114379406	0.7304502129554749
4.556135654449463	1.586592674255371	6.516272068023682	0.5437041521072388	0.8350328803062439	0.5929454044602452	0	0.38938317681579765	1	0.017671418723957128	2	0.23850631713867188	0.9129771590232849	0.33104008436203003	0.5424986481666565	-0.40805864334106445	0.734291136264801	0.8054748177528381	0.004455704241991043	-0.5926133394241333
4.607105731964111	1.624592900276184	6.262429237365723	0.5400667190551758	0.8594764471054077	0.7108851491196181	0	0.2891148508803819	1	0.0	0	0.7326233386993408	0.6787257194519043	0.0509372353553772	0.6776233315467834	-0.7344090938568115	0.0383390448987484	0.06343046575784683	0.006428178399801254	-0.9979656338691711
4.55613899230957	1.6242693662643433	6.516345500946045	0.5400665998458862	0.8350490927696228	0.5996510968718665	0	0.3834165190974741	1	0.0169323840306594	2	0.45339009165763855	0.5761985182762146	0.6800241470336914	0.32394978404045105	-0.8173116445541382	0.4765063226222992	0.830353856086731	0.004250414203852415	-0.5572203397750854
5.32125186920166	-0.5231171250343323	3.228785991668701	0.8368737101554871	0.9001871943473816	1.0	0	0.0	0	0.0	0	0.04013259708881378	-0.676821768283844	-0.7350521087646484	0.9984735250473022	-0.0007729732315056026	0.055226657539606094	-0.037946783006191254	-0.7361465096473694	0.675757646560669
4.962133407592773	1.6257801055908203	5.747799396514893	0.5364285707473755	0.8944336175918579	0.8858224714541773	0	0.11417752854582279	1	0.0	0	-0.5583845376968384	0.5789546370506287	-0.5941534042358398	-0.3945426642894745	-0.8153833150863647	-0.4236583113670349	-0.729741632938385	-0.002145403763279319	0.6837196350097656
5.104831218719482	1.5880842208862305	5.751901626586914	0.5400667786598206	0.8807429671287537	0.8847393235461837	0	0.11526067645381631	1	0.0	0	0.3105018734931946	0.8961033821105957	-0.31715506315231323	0.6260320544242859	-0.4439210295677185	-0.641106903553009	-0.7152898907661438	0.0005156656261533499	-0.6988278031349182
4.962130069732666	1.5881034135818481	5.747725963592529	0.5400667786598206	0.8944380879402161	0.8884231505658033	0	0.11157684943419666	1	0.0	0	0.0025330788921564817	0.8775134086608887	-0.47954538464546204	0.00699889799579978	-0.4796043932437897	-0.8774568438529968	-0.9999723434448242	-0.0011336221359670162	-0.00735650397837162
8.177802085876465	1.5720573663711548	11.848133087158203	0.8801988959312439	0.4688127040863037	0.6805822204201271	2	0.3194177795798729	1	0.0	0	0.4973067045211792	0.6336044073104858	0.5926479697227478	0.47002774477005005	-0.7709538340568542	0.4297720193862915	0.7292097210884094	0.06483247876167297	-0.6812121868133545
6.108420372009277	1.566927194595337	12.962939262390137	0.8785755038261414	0.3722321391105652	0.904444707208495	2	0.09555529279150493	1	0.0	0	0.23405466973781586	0.6371268033981323	0.7343621850013733	0.23353467881679535	-0.7701143622398376	0.5936205983161926	0.9437544941902161	0.032559361308813095	-0.3290400505065918
4.574639320373535	1.6258022785186768	5.7430033683776855	0.5400671362876892	0.8810244798660278	0.8628802890509594	0	0.13711971094904066	1	0.0	0	0.5802676677703857	0.5867682695388794	-0.5647942423820496	0.41922900080680847	-0.8097817897796631	-0.4104882776737213	-0.6982215642929077	0.0014149420894682407	-0.7158803939819336
4.437731742858887	1.588180422782898	5.730968952178955	0.5437053442001343	0.8942394852638245	0.8536642043168629	0	0.14633579568313718	1	0.0	0	-0.2632250189781189	0.9156873226165771	-0.3036929965019226	-0.5973380208015442	-0.40193432569503784	-0.6940000653266907	-0.7575516700744629	-0.0012708145659416914	0.6527739763259888
4.437735080718994	1.6258571147918701	5.731042385101318	0.5400671362876892	0.8942391276359558	0.8548458623653813	0	0.1451541376346187	1	0.0	0	-0.5425972938537598	0.5760156512260437	-0.6113871335983276	-0.38114941120147705	-0.8174507021903992	-0.4318559467792511	-0.7485345602035522	-0.0012940226588398218	0.6630945205688477
4.944263935089111	1.5869163274765015	6.262355804443359	0.8459667563438416	0.9070601463317871	0.7604102112519231	0	0.2395897887480769	1	0.0	0	-0.6760845184326172	0.734589159488678	0.0573449581861496	-0.7352591156959534	-0.6674800515174866	-0.117747463285923	-0.04821939766407013	-0.12177064269781113	0.9913862943649292
4.962130069732666	1.5881034135818481	5.747725963592529	0.8464285135269165	0.8739498853683472	0.8884231505658033	0	0.11157684943419666	1	0.0	0	0.0025330788921564817	0.8775134086608887	-0.47954538464546204	-0.9990904331207275	-0.018191799521446228	-0.03856782615184784	-0.042567577213048935	0.479206919670105	0.87666916847229
4.607101917266846	1.5869163274765015	6.262355804443359	0.867715060710907	0.9081132411956787	0.7166881350971421	0	0.28331186490285787	1	0.0	0	0.6736487150192261	0.7375558018684387	0.046999458223581314	-0.7374794483184814	0.6749836206436157	-0.02283059060573578	-0.04856269806623459	-0.019281337037682533	0.9986340999603271
5.783891677856445	1.6021250486373901	3.260993242263794	0.8667218685150146	0.7635062336921692	1.0	0	0.0	0	0.0	0	0.2322545051574707	0.6801912784576416	-0.6952680349349976	0.9482384920120239	0.0008165661711245775	0.3175579309463501	0.21656788885593414	-0.7330342531204224	-0.6447939872741699
5.750615119934082	-0.5236731171607971	3.349595069885254	0.8652395606040955	0.9002825021743774	1.0	0	0.0	0	0.0	0	0.22053271532058716	-0.7128706574440002	-0.6657182574272156	0.949530303478241	0.0008191867382265627	0.31367427110671997	-0.22306382656097412	-0.7012950778007507	0.6770729422569275
4.420316219329834	1.6015374660491943	3.8506205081939697	0.7669268846511841	0.7374911308288574	1.0	0	0.0	0	0.0	0	-0.6213325262069702	0.7255848050117493	-0.29575783014297485	-0.6505655646324158	-0.6881102919578552	-0.321354478597641	-0.4366839528083801	-0.007258130237460136	0.8995857834815979
4.673943042755127	-0.5231171250343323	3.228785991668701	0.9044091701507568	0.6961878538131714	1.0	0	0.0	0	0.0	0	-0.3611946105957031	-0.5922248363494873	-0.7202833890914917	0.27871692180633545	-0.8057028651237488	0.5226468443870544	-0.8898589015007019	-0.011977939866483212	0.4560786187648773
4.902328014373779	1.5982414484024048	5.336752891540527	0.8735159635543823	0.6144016981124878	0.9285673326643626	0	0.07143266733563738	1	0.0	0	0.48776233196258545	0.8165487051010132	-0.30876559019088745	0.672261118888855	-0.5770477056503296	-0.4637681245803833	-0.5568617582321167	0.018637534230947495	-0.8303961157798767
4.962130069732666	1.795440435409546	5.748680114746094	0.8601321578025818	0.5881916880607605	0.8923835469384773	0	0.10761645306152269	1	0.0	0	0.6202365756034851	0.5585577487945557	0.550744891166687	0.4289374053478241	-0.8293556571006775	0.35802513360977173	0.6567410826683044	0.01417478546500206	-0.7539829611778259
4.962130069732666	1.5881034135818481	5.747725963592529	0.8735159635543823	0.587975025177002	0.8884231505658033	0	0.11157684943419666	1	0.0	0	0.0025330788921564817	0.8775134086608887	-0.47954538464546204	-0.0003379486734047532	-0.4795975089073181	-0.8774884939193726	-0.9999967813491821	0.0023848095443099737	-0.0009183039073832333
3.1721742153167725	1.56744384765625	12.850700378417969	0.878243088722229	0.23266419768333435	0.9423032206584755	2	0.05769677934152446	1	0.0	0	-0.19361400604248047	0.6531420946121216	0.7320648431777954	-0.18776153028011322	-0.7570911645889282	0.6257465481758118	0.9629412293434143	-0.016300315037369728	0.269218385219574
3.206345558166504	-0.5574586987495422	12.691646575927734	0.9797881841659546	0.23380741477012634	0.9285944036047361	2	0.07140559639526388	1	0.0	0	-0.18128593266010284	-0.7119287252426147	0.6784488558769226	0.1640479862689972	-0.7021467685699463	-0.6928768157958984	0.969649612903595	-0.014310653321444988	0.2440798133611679
4.444747447967529	1.5866941213607788	6.494210720062256	0.5400670170783997	0.8807384967803955	0.5752792427446253	0	0.40181544067324765	1	0.022905316582127085	2	-0.3543330430984497	0.8772870898246765	0.32375237345695496	-0.6535916328430176	-0.4800666868686676	0.5851102471351624	0.6687324047088623	-0.0042779394425451756	0.7434909343719482
